 -0.376  0.199  -9.81  0
 -0.367  0.223  -9.811  1
 -0.356  0.201  -9.833  2
 -0.388  0.203  -9.819  3
 -0.347  0.216  -9.841  4
 -0.352  0.19  -9.816  5
 -0.356  0.2  -9.815  6
 -0.363  0.212  -9.778  7
 -0.355  0.217  -9.861  8
 -0.345  0.227  -9.804  9
 -0.351  0.19  -9.82  10
 -0.349  0.198  -9.808  11
 -0.355  0.177  -9.825  12
 -0.377  0.213  -9.813  13
 -0.361  0.222  -9.835  14
 -0.362  0.241  -9.799  15
 -0.34  0.19  -9.818  16
 -0.35  0.187  -9.85  17
 -0.339  0.205  -9.835  18
 1.71  -1.089  -9.84  19
 1.77  0.88  -9.603  20
 0.739  0.149  -9.649  21
 1.057  -1.15  -11.185  22
 3.392  5.144  -9.124  23
 3.878  11.317  -11.634  24
 1.78  8.148  -3.42  25
 0.669  6.938  -3.051  26
 1.64  5.033  2.345  27
 4.466  7.126  -2.028  28
 4.732  3.008  -6.617  29
 12.402  -4.799  1.134  30
 -4.347  10.046  -7.547  31
 5.778  -8.04  -2.593  32
 -16.273  9.373  29.681  33
 -2.16  15.525  -43.465  34
 -34.33  3.976  67.376  35
 -58.706  52.375  -27.688  36
 -27.71  -14.788  -14.829  37
 -7.154  10.54  28.399  38
 -63.557  39.12  -9.409  39
 -54.282  -8.576  -8.927  40
 -25.372  36.255  35.944  41
 -58.447  1.907  -14.585  42
 -30.642  20.396  -12.095  43
 -70.506  11.097  20.791  44
 -42.335  4.194  -0.613  45
 -55.864  37.759  -18.896  46
 -46.321  -8.15  -10.109  47
 -51.21  39.809  31.202  48
 -46.958  -7.184  -2.218  49
 -45.881  44.513  -12.193  50
 -44.526  -9.881  -12.217  51
 -69.904  18.339  13.394  52
 -41.974  3.422  -1.236  53
 -8.64  -14.457  -9.204  54
 -1.586  -10.333  -15.801  55
 -77.727  10.847  8.418  56
 -33.384  3.047  3.479  57
 5.967  -8.092  -6.805  58
 -7.558  -11.225  -12.758  59
 -80.993  37.794  16.979  60
 -40.948  -15.025  -4.646  61
 5.428  -17.761  -1.532  62
 -30.482  47.426  9.772  63
 -18.399  -8.176  -10.253  64
 2.124  4.057  -7.932  65
 1.709  19.675  19.919  66
 -37.442  32.207  -52.58  67
 -51.516  17.961  47.765  68
 -70.689  17.221  -37.452  69
 -87.876  16.737  23.066  70
 -42.137  5.603  2.709  71
 -63.844  37.43  -75.687  72
 -92.162  24.753  57.497  73
 -22.791  2.44  -6.547  74
 -31.591  15.415  -47.255  75
 -39.225  15.872  69.178  76
 -31.88  20.095  -17.05  77
 -37.616  1.796  -43.994  78
 -44.289  21.3  12.737  79
 -23.766  -13.629  -15.176  80
 -49.07  3.359  4.535  81
 -27.987  32.777  22.587  82
 -29.138  -7.968  -10.089  83
 -36.097  -11.28  -11.515  84
 -37.72  14.547  8.966  85
 -29.5  3.447  -0.727  86
 -30.477  -12.905  -25.912  87
 -46.943  31.698  17.025  88
 -28.171  0.621  -2.85  89
 -35.22  -10.946  -30.471  90
 -42.283  35.497  22.021  91
 -24.518  13.318  2.197  92
 -29.539  -16.16  -62.248  93
 -45.163  82.851  40.902  94
 -39.712  6.364  -3.334  95
 -53.395  7.002  -48.052  96
 -57.981  36.839  29.333  97
 -23.619  5.75  -4.19  98
 -25.929  -9.13  -58.693  99
 -69.798  68.143  53.717  100
 -14.978  1.622  4.454  101
 -58.945  41.399  -87.333  102
 -110.521  37.935  64.151  103
 -33.267  -1.981  -3.495  104
 -63.615  10.515  -30.048  105
 -41.581  19.894  47.78  106
 -29.682  5.095  -9.128  107
 -45.156  16.305  -33.854  108
 -37.739  14.292  55.946  109
 -21.69  -0.531  1.414  110
 -43.744  26.324  -37.879  111
 -37.105  23.374  58.446  112
 -20.174  0.619  -2.101  113
 -43.166  22.053  -34.576  114
 -37.529  24.193  64.112  115
 -21.334  -0.352  -7.667  116
 -33.103  14.831  -28.059  117
 -34.427  13.054  52.867  118
 -13.763  4.94  -2.965  119
 -26.59  33.784  -47.898  120
 -67.859  15.111  54.931  121
 -25.755  1.608  0.293  122
 -41.613  33.824  -47.894  123
 -74.598  10.716  47.054  124
 -36.553  11.774  -1.022  125
 -58.645  -0.095  -28.238  126
 -81.688  11.755  -0.877  127
 -48.032  12.195  19.625  128
 -82.521  -8.707  -34.2  129
 -155.919  29.249  32.217  130
 -62.045  0.817  -7.954  131
 -29.175  5.745  -62.637  132
 -118.444  69.019  44.617  133
 -47.406  7.701  -14.645  134
 -21.217  13.327  -48.156  135
 -72.096  75.411  40.057  136
 -33.768  -0.147  -14.123  137
 -28.35  9.128  -27.282  138
 -18.599  28.259  33.667  139
 -19.95  17.308  5.341  140
 1.26  3.552  -3.732  141
 -26.949  22.688  -1.507  142
 -42.274  -4.848  -2.163  143
 -58.234  29.125  -5.533  144
 -26.896  0.006  -3.827  145
 -19.163  -3.016  5.927  146
 -15.85  11.556  13.14  147
 -13.185  2.691  19.07  148
 -14.472  -7.019  5.4  149
 -25.044  10.715  12.466  150
 -26.78  6.011  14.542  151
 -24.569  -15.216  6.397  152
 -11.798  -8.894  13.465  153
 -17.599  -15.487  1.452  154
 -42.454  36.862  12.287  155
 -39.412  -12.153  4.195  156
 -35.737  18.462  6.751  157
 -15.808  -4.829  2.593  158
 -57.569  28.779  -2.044  159
 -23.049  -5.627  0.31  160
 -12.84  -1.133  -15.895  161
 -17.391  3.106  -17.949  162
 -20.386  49.572  35.563  163
 -3.411  0.426  -8.744  164
 -15.919  3.953  12.845  165
 -25.076  -4.89  17.562  166
 -28.855  20.086  13.393  167
 -36.375  -15.601  5.059  168
 -85.703  24.154  -3.743  169
 4.136  -4.264  -1.83  170
 -25.159  35.574  -2.642  171
 -31.372  -4.511  -11.66  172
 -41.206  32.096  14.677  173
 -0.86  -6.347  4.983  174
 -2.307  26.291  -11.661  175
 -9.492  14.723  14.949  176
 9.538  -1.307  -1.755  177
 -16.322  8.572  5.035  178
 -21.464  11.319  -7.719  179
 -8.011  5.648  -9.71  180
 -27.615  5.62  4.377  181
 3.344  7.898  22.682  182
 -22.044  4.214  -10.107  183
 -4.205  10.576  8.215  184
 -21.77  22.993  -29.974  185
 -7.022  9.473  16.365  186
 -2.188  9.736  10.5  187
 3.608  2.363  -3.803  188
 3.441  2.484  -1.076  189
 7.445  11.878  2.532  190
 5.633  10.252  1.4  191
 8.158  11.27  4.18  192
 -1.804  18.123  9.329  193
 -1.536  21.686  16.529  194
 -19.533  23.615  -19.471  195
 -21.901  26.85  32.627  196
 -34.262  36.727  -1.074  197
 -45.296  48.143  13.448  198
 -65.255  48.214  9.006  199
 -63.548  49.26  17.85  200
 -93.69  38.382  -22.351  201
 -92.448  49.075  8.764  202
 -109.356  50.545  -2.656  203
 -106.444  67.533  -7.128  204
 -100.687  56.254  24.092  205
 -131.746  49.901  1.995  206
 -5.514  99.581  13.481  207
 -43.646  -4.515  -15.169  208
 -41.43  -7.367  30.284  209
 1.635  14.615  -92.965  210
 -67.108  -7.301  19.806  211
 -99.948  53.058  -59.232  212
 -53.136  28.419  -17.839  213
 -93.645  2.733  21.002  214
 -13.552  57.543  1.448  215
 -86.559  -64.225  -48.468  216
 -26.544  77.22  -78.238  217
 -119.917  -44.542  15.959  218
 -82.634  156.917  -8.033  219
 -45.536  -18.314  18.179  220
 -70.375  55.913  4.88  221
 -43.001  15.512  41.74  222
 -95.108  -28.34  -72.288  223
 -69.465  -4.623  101.494  224
 -81.76  8.36  -17.518  225
 -52.815  31.543  4.385  226
 -35.241  -6.561  52.014  227
 -67.367  43.862  -151.721  228
 -12.917  11.554  22.276  229
 3.333  9.61  -10.005  230
 18.429  21.061  -25.013  231
 -20.879  3.281  0.684  232
 -106.943  5.97  0.838  233
 -56.139  1.498  -5.2  234
 -41.617  -25.801  -15.209  235
 -72.374  17.649  1.053  236
 -50.379  -1.697  6.228  237
 -57.369  13.129  -25.714  238
 -87.357  30.148  33.646  239
 -17.97  5.537  6.871  240
 -20.367  -29.586  6.113  241
 -28.929  68.689  24.814  242
 -30.447  -13.249  -6.798  243
 -17.475  15.885  33.415  244
 -98.194  20.075  -13.633  245
 -59.36  1.044  -3.963  246
 -88.545  10.394  29.122  247
 -91.715  5.363  -10.984  248
 -15.874  42.381  -23.945  249
 -44.543  28.596  20.798  250
 -24.994  -6.157  -0.219  251
 -22.695  26.296  -19.317  252
 -27.327  19.702  26.609  253
 -5.232  6.293  -34.83  254
 -3.197  4.153  -5.675  255
 5.719  8.566  -10.852  256
 -12.489  -10.385  -8.734  257
 -30.118  103.356  -46.265  258
 -26.704  23.927  -4.248  259
 -67.216  37.813  -30.572  260
 -33.794  49.479  -5.537  261
 -95.751  6.758  -19.142  262
 -31.709  78.174  -14.032  263
 -98.896  -9.647  -3.385  264
 10.317  110.929  28.469  265
 -106.296  -62.412  -7.852  266
 16.435  119.094  30.349  267
 -97.407  -73.119  -2.985  268
 17.494  105.693  31.835  269
 -100.241  -109.039  -21.83  270
 16.761  96.58  3.412  271
 -123.934  -103.77  -28.36  272
 9.53  95.274  -27.369  273
 -95.959  -76.152  -26.522  274
 2.831  103.595  -59.375  275
 -57.199  20.597  -43.703  276
 -27.596  58.979  -30.1  277
 0.811  -0.539  -5.949  278
 1.559  -0.088  -12.876  279
 6.918  6.818  -4.225  280
 -10.226  21.816  -31.306  281
 -58.625  -30.258  62.119  282
 -41.87  27.091  -63.587  283
 -78.085  -37.554  52.963  284
 -144.351  98.336  -120.858  285
 -81.526  -42.512  39.724  286
 -155.506  92.319  -26.631  287
 -57.864  -49.585  27.24  288
 -75.939  72.818  24.982  289
 -65.762  -1.873  15.475  290
 -68.249  3.523  13.893  291
 -94.597  13.953  38.364  292
 -39.01  -50.895  7.474  293
 -68.514  157.078  -34.622  294
 -50.933  -37.231  5.382  295
 -155.831  42.718  17.331  296
 -57.619  -10.998  -7.479  297
 -51.939  -19.245  -2.022  298
 -51.398  -0.817  -6.477  299
 -4.924  3.448  13.387  300
 -0.626  4.485  -1.359  301
 -5.541  12.116  6.106  302
 -4.278  9.313  -0.598  303
 -2.74  6.636  -3.307  304
 -4.018  9.276  -1.651  305
 -5.474  8.915  -7.106  306
 -1.898  2.458  -9.137  307
 -3.554  4.745  -8.461  308
 -2.544  3.838  -8.916  309
 -2.093  2.896  -9.162  310
 -2.096  2.921  -9.137  311
 -2.026  3.034  -9.165  312
 -2.092  2.634  -9.169  313
 -2.057  2.865  -9.192  314
 -2.022  2.903  -9.177  315
 -1.966  2.85  -9.194  316
 -1.942  2.86  -9.185  317
 -2.089  2.765  -9.27  318
 -1.975  2.821  -9.144  319
 -1.958  2.802  -9.218  320
 -1.853  2.627  -9.24  321
 -1.893  2.802  -9.234  322
 -1.885  2.785  -9.222  323
 -1.905  2.838  -9.205  324
 -1.859  2.736  -9.231  325
 -1.864  2.776  -9.216  326
 -1.86  2.816  -9.227  327
 -1.873  2.789  -9.216  328
 -1.841  2.774  -9.222  329
 -1.857  2.77  -9.202  330
 -1.86  2.734  -9.253  331
 -1.823  2.761  -9.255  332
 -1.805  2.744  -9.278  333
 -1.814  2.613  -9.234  334
 -1.808  2.765  -9.24  335
 -1.797  2.773  -9.27  336
 -1.798  2.76  -9.246  337
 -1.749  2.78  -9.255  338
 -1.764  2.733  -9.269  339
 -1.784  2.768  -9.241  340
 -1.807  2.765  -9.254  341
 -1.77  2.791  -9.27  342
 -1.815  2.739  -9.255  343
 -1.747  2.77  -9.261  344
 -1.761  2.755  -9.264  345
 -1.744  2.835  -9.238  346
 -1.75  2.854  -9.219  347
 -1.664  2.789  -9.269  348
 -1.703  2.745  -9.257  349
 -1.746  2.773  -9.209  350
 -1.692  2.808  -9.228  351
 -1.697  2.749  -9.256  352
 -1.726  2.749  -9.254  353
 -0.882  3.358  -9.391  354
 2.89  8.034  -5.056  355
 -0.452  2.706  -7.758  356
 -2.888  1.994  -10.678  357
 -0.191  3.501  -9.011  358
 1.781  3.703  -9.183  359
 3.424  4.72  -7.986  360
 1.385  4.287  -8.57  361
 6.258  6.701  -10.987  362
 4.906  2.445  -15.909  363
 0.227  5.723  -10.332  364
 0.717  5.699  -8.561  365
 1.768  4.313  -8.143  366
 0.82  3.238  -9.173  367
 1.168  2.658  -8.362  368
 1.432  3.71  -9.462  369
 0.445  3.78  -8.756  370
 0.894  4.686  -9.094  371
 1.786  2.733  -9.895  372
 1.794  -2.206  -6.992  373
 2.599  -4.026  -8.605  374
 5.827  -4.266  -0.808  375
 5.698  -7.643  0.99  376
 5.325  -6.153  4.879  377
 5.174  -4.334  6.009  378
 3.709  -2.591  7.591  379
 3.527  -2.685  8.791  380
 2.866  -5.699  7.867  381
 0.652  -7.058  4.865  382
 4.504  -6.666  5.143  383
 4.189  -6.961  1.295  384
 4.129  -12.556  -0.751  385
 5.232  -6.954  -3.046  386
 5.311  -7.796  -8.662  387
 5.335  -0.769  -7.674  388
 5.639  -0.909  -7.884  389
 5.589  0.89  -8.06  390
 4.736  1.199  -9.525  391
 4.21  8.413  -7.51  392
 3.398  6.356  -7.889  393
 3.176  7.081  -8.583  394
 2.709  0.723  -8.067  395
 2.262  1.638  -8.072  396
 2.245  1.895  -9.176  397
 2.321  2.088  -9.565  398
 2.278  1.757  -9.649  399
 2.335  1.293  -9.711  400
 0.946  1.326  -9.134  401
 2.143  1.48  -9.669  402
 2.368  1.531  -10.007  403
 2.585  1.058  -9.681  404
 5.463  -0.375  -6.283  405
 3.388  -0.571  -8.625  406
 3.622  0.024  -9.672  407
 2.113  -0.322  -8.652  408
 2.456  -0.2  -8.809  409
 2.704  -0.037  -9.753  410
 2.843  -0.429  -9.126  411
 2.282  -0.739  -9.635  412
 2.608  -0.91  -9.649  413
 1.92  -0.251  -9.265  414
 2.033  -0.554  -9.868  415
 2.68  0.383  -9.075  416
 3.617  0.134  -8.212  417
 2.678  0.692  -8.334  418
 2.69  0.148  -8.801  419
 3.176  -0.799  -8.977  420
 2.408  -1.911  -9.587  421
 4.013  -0.534  -8.876  422
 2.634  -4.261  -9.149  423
 2.97  -4.594  -8.626  424
 3.461  -5.79  -7.138  425
 2.435  -7.618  -4.745  426
 2.625  -7.827  -6.278  427
 2.685  -6.557  -6.833  428
 2.308  -5.742  -6.847  429
 1.703  -3.404  -8.759  430
 1.457  -1.468  -10.473  431
 1.115  -0.815  -10.775  432
 1.902  0.513  -9.207  433
 2.01  1.944  -10.314  434
 2.141  0.989  -9.295  435
 2.719  0.328  -9.655  436
 4.083  2.921  -13.909  437
