Every 1st line: Acceleration
Every 2nd line: Gyro Measurement
Every 3rd line: Mag
Every 4th line: (Yaw, Pitch, Roll)
(-0.376; 0.199; -9.81)
(0.000922; 0.000275; -0.000966)
(0.3011; 0.0894; 0.3745)
(-18.713; -2.097; -1.219)
(-0.367; 0.223; -9.811)
(-0.000447; -0.000499; -0.001878)
(0.3009; 0.0828; 0.3745)
(-18.743; -2.096; -1.221)
(-0.356; 0.201; -9.833)
(-0.000533; 0.000327; -0.000479)
(0.2986; 0.0908; 0.3744)
(-18.771; -2.096; -1.22)
(-0.388; 0.203; -9.819)
(0.0009; 5.9e-05; -0.000431)
(0.3013; 0.0987; 0.3759)
(-18.786; -2.102; -1.217)
(-0.347; 0.216; -9.841)
(0.000166; -0.000815; -0.000936)
(0.2974; 0.0908; 0.383)
(-18.789; -2.102; -1.216)
(-0.352; 0.19; -9.816)
(-0.00068; 0.000729; -0.000538)
(0.2984; 0.0816; 0.3716)
(-18.82; -2.098; -1.217)
(-0.356; 0.2; -9.815)
(-0.00098; -0.000185; -0.000191)
(0.3013; 0.096; 0.3773)
(-18.829; -2.095; -1.215)
(-0.363; 0.212; -9.778)
(-0.000244; 0.001102; -0.000238)
(0.2985; 0.0882; 0.3687)
(-18.863; -2.091; -1.215)
(-0.355; 0.217; -9.861)
(-0.000727; -0.001026; -0.001204)
(0.2998; 0.0881; 0.3802)
(-18.857; -2.086; -1.215)
(-0.345; 0.227; -9.804)
(-4.7e-05; -0.001198; -0.000874)
(0.3035; 0.0853; 0.3831)
(-18.862; -2.084; -1.215)
(-0.351; 0.19; -9.82)
(-0.000424; -0.001432; -0.001124)
(0.3001; 0.1; 0.3716)
(-18.86; -2.086; -1.213)
(-0.349; 0.198; -9.808)
(-7.5e-05; -4.5e-05; -0.000187)
(0.2997; 0.0828; 0.3788)
(-18.832; -2.086; -1.209)
(-0.355; 0.177; -9.825)
(-7.4e-05; 0.001396; -0.00115)
(0.3001; 0.1001; 0.3687)
(-18.823; -2.083; -1.205)
(-0.377; 0.213; -9.813)
(-0.001852; 0.000506; -0.000994)
(0.3009; 0.0828; 0.3716)
(-18.834; -2.077; -1.205)
(-0.361; 0.222; -9.835)
(-0.000575; -0.000322; -0.000994)
(0.3022; 0.0854; 0.3731)
(-18.819; -2.077; -1.202)
(-0.362; 0.241; -9.799)
(0.003749; 0.003931; -0.001534)
(0.2999; 0.0894; 0.3773)
(-18.807; -2.081; -1.213)
(-0.34; 0.19; -9.818)
(0.002811; 0.001366; 0.000842)
(0.296; 0.0856; 0.3772)
(-18.813; -2.072; -1.194)
(-0.35; 0.187; -9.85)
(-0.00037; 0.000771; -0.000321)
(0.3013; 0.096; 0.3759)
(-18.814; -2.066; -1.179)
(-0.339; 0.205; -9.835)
(-0.000373; 0.001481; -0.001468)
(0.2986; 0.0882; 0.3759)
(-18.809; -2.065; -1.178)
(1.71; -1.089; -9.84)
(-0.074349; 0.168943; 0.719617)
(0.3046; 0.0706; 0.4133)
(-16.384; -1.733; -1.462)
(1.77; 0.88; -9.603)
(0.00897; -0.061616; -1.11512)
(0.2948; 0.0842; 0.3887)
(-18.407; -1.047; -1.561)
(0.739; 0.149; -9.649)
(-0.002554; -0.126748; -0.413159)
(0.2767; 0.1328; 0.308)
(-24.744; -1.428; -1.495)
(1.057; -1.15; -11.185)
(-1.85378; 0.258242; 0.530001)
(0.2798; 0.002; 0.2924)
(-24.88; 1.165; -7.299)
(3.392; 5.144; -9.124)
(-1.44397; 0.796397; 0.211734)
(0.2612; -0.1438; 0.2504)
(-25.628; 6.06; -25.457)
(3.878; 11.317; -11.634)
(-3.15676; 3.06737; 1.62289)
(0.1722; -0.29; 0.1682)
(-36.295; 20.012; -50.946)
(1.78; 8.148; -3.42)
(-3.04117; -2.48608; -1.03908)
(0.2206; -0.3274; 0.0146)
(-30.912; 10.958; -68.865)
(0.669; 6.938; -3.051)
(-0.367871; 0.307206; 4.0563)
(0.1415; -0.3574; -0.1205)
(-19.905; 21.629; -83.848)
(1.64; 5.033; 2.345)
(-1.31479; -2.0307; 0.455103)
(0.0376; -0.3558; -0.1143)
(-18.339; 36.725; -81.904)
(4.466; 7.126; -2.028)
(-1.05726; -7.05927; 1.58624)
(0.0018; -0.335; -0.1137)
(6.894; 35.768; -69.812)
(4.732; 3.008; -6.617)
(1.03988; 1.13462; 5.38032)
(-0.1865; -0.2222; 0.0108)
(64.591; 45.453; -21.415)
(12.402; -4.799; 1.134)
(-0.231216; 0.419918; 3.51042)
(-0.2591; -0.1416; -0.0998)
(82.834; 62.274; -21.854)
(-4.347; 10.046; -7.547)
(-3.14105; 2.88618; -2.02253)
(-0.265; -0.1242; -0.11)
(85.577; 69.541; -8.465)
(5.778; -8.04; -2.593)
(-1.71767; 2.28903; -2.41637)
(-0.2455; -0.1377; -0.1511)
(72.052; 75.435; -26.227)
(-16.273; 9.373; 29.681)
(-1.90693; -6.61117; 3.37812)
(-0.1918; -0.1146; -0.2831)
(-2.376; 78.974; -119.083)
(-2.16; 15.525; -43.465)
(-1.7557; 7.91081; -4.27659)
(-0.2395; -0.0416; 0.0854)
(131.518; 28.537; -12.194)
(-34.33; 3.976; 67.376)
(8.32644; -1.46102; 9.06562)
(-0.0984; -0.1179; -0.377)
(-22.291; 61.339; -148.469)
(-58.706; 52.375; -27.688)
(-11.7857; -15.469; -14.3978)
(-0.0597; -0.3142; 0.0038)
(136.409; -10.923; -70.771)
(-27.71; -14.788; -14.829)
(13.0221; 7.57003; 14.6861)
(-0.2888; -0.0165; -0.1178)
(132.419; 53.762; -90.747)
(-7.154; 10.54; 28.399)
(2.96195; -5.32514; 1.51936)
(0.0224; -0.2657; -0.3125)
(16.691; 32.979; -104.416)
(-63.557; 39.12; -9.409)
(-5.07718; -10.756; -19.4599)
(0.093; -0.3251; -0.2048)
(145.554; -34.795; -111.577)
(-54.282; -8.576; -8.927)
(11.7194; 10.9842; 21.0156)
(-0.2596; -0.0271; -0.2375)
(114.11; 41.854; -122.141)
(-25.372; 36.255; 35.944)
(2.51167; 5.76994; 1.98524)
(0.3731; -0.2001; -0.1152)
(-27.593; -21.003; -98.279)
(-58.447; 1.907; -14.585)
(-15.6661; -22.7945; -10.0288)
(-0.1438; -0.2763; -0.1945)
(96.994; 13.821; -80.064)
(-30.642; 20.396; -12.095)
(2.18123; 0.278984; 22.3668)
(-0.0764; -0.2819; -0.2274)
(155.928; -4.737; -121.443)
(-70.506; 11.097; 20.791)
(11.8877; 23.6189; -9.07348)
(0.2602; -0.2249; -0.2884)
(0.88; -3.525; -111.539)
(-42.335; 4.194; -0.613)
(-0.230562; -21.3628; 12.026)
(0.0653; -0.3255; -0.2326)
(20.025; 26.095; -87.261)
(-55.864; 37.759; -18.896)
(-2.74839; -10.021; -17.8478)
(0.1905; -0.298; -0.1223)
(-177.744; -45.082; -115.842)
(-46.321; -8.15; -10.109)
(5.99899; 13.3179; 18.803)
(-0.2633; -0.0866; -0.2046)
(130.771; 33.191; -116.994)
(-51.21; 39.809; 31.202)
(-0.085429; 13.7299; -8.31887)
(0.4432; -0.0653; -0.0134)
(-34.09; -43.612; -73.857)
(-46.958; -7.184; -2.218)
(-2.80677; -19.5781; 14.24)
(-0.1075; -0.2704; -0.2381)
(55.83; 41.228; -76.876)
(-45.881; 44.513; -12.193)
(-0.391195; -4.54444; -14.0722)
(0.2993; -0.2563; -0.0954)
(-150.131; -60.798; -127.877)
(-44.526; -9.881; -12.217)
(4.06155; 8.82779; 22.1724)
(-0.2799; -0.0629; -0.1233)
(145.253; 42.63; -115.65)
(-69.904; 18.339; 13.394)
(3.06711; 15.3583; -16.1207)
(0.4629; -0.0451; -0.1634)
(-2.238; -53.632; -88.516)
(-41.974; 3.422; -1.236)
(-2.2642; -14.0219; 9.39612)
(0.3923; -0.0926; -0.2811)
(20.506; -35.234; -110.09)
(-8.64; -14.457; -9.204)
(-4.42186; -8.89023; 10.4866)
(-0.2005; -0.0507; -0.3178)
(63.059; 66.926; -103.819)
(-1.586; -10.333; -15.801)
(-6.50631; 3.18628; -3.59374)
(-0.2808; 0.0668; -0.1621)
(134.35; 66.912; -73.344)
(-77.727; 10.847; 8.418)
(1.45079; 20.3044; -14.1092)
(0.2798; -0.1098; -0.4069)
(59.341; -31.372; -118.927)
(-33.384; 3.047; 3.479)
(-10.4118; -13.0316; 12.777)
(0.355; -0.2097; -0.1945)
(-12.225; -13.677; -111.861)
(5.967; -8.092; -6.805)
(-1.44706; -5.06864; 6.25285)
(-0.1483; -0.0598; -0.361)
(11.991; 70.5; -139.31)
(-7.558; -11.225; -12.758)
(-4.42889; 3.56979; -9.94591)
(-0.2544; 0.0402; -0.2532)
(100.788; 73.166; -81.986)
(-80.993; 37.794; 16.979)
(-4.33622; 15.5403; -16.4223)
(0.4409; -0.003; -0.2556)
(28.366; -61.784; -92.796)
(-40.948; -15.025; -4.646)
(-2.08685; -8.44065; 20.4366)
(0.0012; -0.1974; -0.3574)
(-20.795; 49.098; -142.536)
(5.428; -17.761; -1.532)
(-6.33043; -5.3048; -6.9952)
(-0.2488; 0.0097; -0.2516)
(-154.144; 78.515; 69.14)
(-30.482; 47.426; 9.772)
(-2.48737; 8.13344; -12.644)
(0.2533; -0.2552; -0.2713)
(47.858; -20.994; -86.525)
(-18.399; -8.176; -10.253)
(1.57788; -3.31021; 8.17952)
(-0.1342; -0.23; -0.2474)
(50.945; 53.429; -82.369)
(2.124; 4.057; -7.932)
(-6.29358; -3.44604; -5.74829)
(-0.1422; -0.2562; -0.2361)
(74.083; 38.454; -75.218)
(1.709; 19.675; 19.919)
(4.34721; -1.36192; -2.62442)
(0.0811; -0.3661; -0.1448)
(44.283; 15.246; -68.032)
(-37.442; 32.207; -52.58)
(1.43569; 4.72622; 11.3909)
(-0.2398; -0.1465; -0.2327)
(122.719; 31.14; -96.219)
(-51.516; 17.961; 47.765)
(1.46221; -14.3773; 2.80634)
(0.3303; -0.265; -0.1019)
(12.827; -28.783; -160.792)
(-70.689; 17.221; -37.452)
(-10.7959; -26.4078; -3.14518)
(-0.1139; -0.2633; -0.2942)
(38.067; 18.225; -149.001)
(-87.876; 16.737; 23.066)
(4.28172; 31.2306; 5.15703)
(0.143; -0.1787; -0.3972)
(-29.274; -7.864; -115.452)
(-42.137; 5.603; 2.709)
(-0.326672; -16.5429; 1.6039)
(0.2616; -0.297; -0.1765)
(-31.298; -31.094; -116.966)
(-63.844; 37.43; -75.687)
(-8.02871; -13.7054; 1.48793)
(-0.2312; -0.2294; -0.1235)
(89.162; 37.197; -111.335)
(-92.162; 24.753; 57.497)
(7.58165; 24.6288; -3.58161)
(0.3267; -0.2623; -0.0962)
(-68.911; -38.458; -85.713)
(-22.791; 2.44; -6.547)
(0.781655; -16.3211; 2.77553)
(0.1629; -0.3241; -0.2547)
(-6.559; -9.931; -114.525)
(-31.591; 15.415; -47.255)
(3.32777; 14.1159; 6.88293)
(-0.23; -0.1534; -0.2439)
(64.865; 41.019; -116.856)
(-39.225; 15.872; 69.178)
(2.49585; 3.1366; 2.83299)
(0.2544; -0.2797; 0.054)
(-94.814; -26.444; -70.859)
(-31.88; 20.095; -17.05)
(-0.414524; -19.037; -0.203147)
(0.1435; -0.2768; -0.3441)
(22.26; -9.021; -123.44)
(-37.616; 1.796; -43.994)
(6.56438; 21.863; 5.90544)
(-0.2415; -0.0377; -0.3187)
(45.507; 45.732; -145.817)
(-44.289; 21.3; 12.737)
(-2.57857; -14.8783; 11.0556)
(0.4656; -0.0604; -0.0644)
(-19.812; -67.935; -111.403)
(-23.766; -13.629; -15.176)
(0.057748; -8.92339; 15.5401)
(-0.1037; -0.1323; -0.3714)
(9.391; 33.901; -141.13)
(-49.07; 3.359; 4.535)
(8.851; 16.0265; -19.2159)
(0.0392; -0.1678; -0.4096)
(-8.877; 9.112; -144.64)
(-27.987; 32.777; 22.587)
(1.99838; -1.48519; 8.72993)
(0.4681; 0.0127; -0.1432)
(-3.049; -70.269; -126.188)
(-29.138; -7.968; -10.089)
(0.006264; -8.48976; 17.5081)
(-0.066; -0.1797; -0.3561)
(0.893; 29.593; -132.217)
(-36.097; -11.28; -11.515)
(5.7062; 12.8844; -13.6574)
(-0.1382; -0.1077; -0.3593)
(-16.535; 46.581; -147.263)
(-37.72; 14.547; 8.966)
(-0.814988; -4.51978; 6.75679)
(0.4556; -0.0397; -0.1521)
(-15.077; -62.449; -116.607)
(-29.5; 3.447; -0.727)
(-1.45517; -9.43067; 18.4568)
(0.0992; -0.2438; -0.3437)
(-9.511; 8.48; -125.54)
(-30.477; -12.905; -25.912)
(0.686427; 13.2652; -9.81988)
(-0.2307; -0.066; -0.2783)
(-3.902; 66.482; -135.926)
(-46.943; 31.698; 17.025)
(-1.27261; -4.99156; 7.21615)
(0.4615; 0.039; -0.1004)
(-20.185; -73.642; -110.268)
(-28.171; 0.621; -2.85)
(-2.75678; -9.95142; 17.0307)
(0.0528; -0.2452; -0.3462)
(-5.611; 18.828; -122.112)
(-35.22; -10.946; -30.471)
(4.5883; 15.7481; -7.77595)
(-0.2458; 0.0334; -0.2587)
(-23.8; 78.979; -170.034)
(-42.283; 35.497; 22.021)
(-0.536792; -1.26141; 5.52738)
(0.4654; 0.0441; -0.086)
(-28.656; -74.346; -104.363)
(-24.518; 13.318; 2.197)
(-3.16914; -11.624; 11.6468)
(0.2036; -0.2257; -0.3327)
(-8.305; -5.008; -123.718)
(-29.539; -16.16; -62.248)
(0.966551; 10.8132; 1.31772)
(-0.2719; 0.1165; -0.1289)
(-173.17; 78.02; 28.831)
(-45.163; 82.851; 40.902)
(-0.361769; 3.11811; 2.12975)
(0.431; 0.1798; -0.0897)
(105.579; -86.287; 121.497)
(-39.712; 6.364; -3.334)
(-3.96171; -14.9329; 16.9247)
(0.0672; -0.2138; -0.3645)
(-8.096; 19.747; -126.901)
(-53.395; 7.002; -48.052)
(-0.219274; 21.2583; -4.63434)
(-0.2785; 0.0858; -0.0417)
(159.093; 61.281; -5.507)
(-57.981; 36.839; 29.333)
(-2.72301; -10.3276; 17.8717)
(0.4294; 0.0799; 0.0565)
(-136.857; -64.743; -86.665)
(-23.619; 5.75; -4.19)
(2.13737; -8.46338; 14.0261)
(0.0528; -0.2452; -0.3405)
(159.124; 4.787; -113.18)
(-25.929; -9.13; -58.693)
(-0.329171; 8.23242; 0.108542)
(-0.2777; 0.0592; -0.0187)
(-111.752; 64.552; -48.748)
(-69.798; 68.143; 53.717)
(-1.85874; 16.4281; -3.69983)
(0.4252; 0.0535; 0.0764)
(21.552; -53.783; -32.363)
(-14.978; 1.622; 4.454)
(2.05993; -5.56394; 6.08238)
(0.2374; -0.3135; -0.1685)
(35.061; -16.904; -99.166)
(-58.945; 41.399; -87.333)
(-4.5793; -11.5643; 0.466513)
(-0.1833; -0.2433; -0.002)
(124.867; 26.963; -94.149)
(-110.521; 37.935; 64.151)
(3.26965; 26.5783; -6.84646)
(0.349; -0.1978; 0.0504)
(-129.717; -68.173; 3.771)
(-33.267; -1.981; -3.495)
(-0.429906; -20.2572; 5.38371)
(0.1463; -0.3478; -0.1949)
(-97.926; -39.635; -146.249)
(-63.615; 10.515; -30.048)
(5.47326; 22.191; 11.2399)
(-0.2181; -0.1842; -0.225)
(-124.007; 32.169; -139.257)
(-41.581; 19.894; 47.78)
(-0.777918; -4.17377; 2.92974)
(0.2829; -0.245; 0.079)
(2.28; -55.407; -1.308)
(-29.682; 5.095; -9.128)
(-2.71843; -19.4211; 1.21067)
(0.1315; -0.3259; -0.2512)
(167.778; -15.203; -153.515)
(-45.156; 16.305; -33.854)
(4.26482; 14.8004; 11.951)
(-0.223; -0.1775; -0.2222)
(168.528; 68.218; -163.41)
(-37.739; 14.292; 55.946)
(1.00894; 1.6631; 3.07437)
(0.2713; -0.2511; 0.0429)
(-1.876; -62.924; -21.082)
(-21.69; -0.531; 1.414)
(1.73563; -15.1015; 4.76967)
(0.192; -0.3185; -0.2168)
(145.845; -27.321; -148.921)
(-43.744; 26.324; -37.879)
(2.66023; 12.3469; 15.1731)
(-0.2076; -0.1552; -0.2534)
(-178.029; 74.832; -155.848)
(-37.105; 23.374; 58.446)
(-2.51457; -0.514523; 5.15729)
(0.2879; -0.2424; 0.0534)
(-14.527; -68.348; -32.769)
(-20.174; 0.619; -2.101)
(1.91708; -16.2685; 1.5808)
(0.1229; -0.3271; -0.2284)
(58.398; -13.818; -156.359)
(-43.166; 22.053; -34.576)
(4.88473; 11.9358; 16.469)
(-0.2109; -0.1313; -0.2693)
(38.363; 77.993; -172.018)
(-37.529; 24.193; 64.112)
(0.770581; 4.90128; 2.7848)
(0.2867; -0.2396; 0.049)
(-141.752; -67.756; -24.329)
(-21.334; -0.352; -7.667)
(-1.78041; -16.9923; -0.490945)
(0.1256; -0.3125; -0.247)
(-18.325; -5.652; -155.667)
(-33.103; 14.831; -28.059)
(2.81656; 12.5384; 11.601)
(-0.133; -0.1568; -0.3448)
(-18.978; 56.878; -171.824)
(-34.427; 13.054; 52.867)
(1.75072; 4.66936; 3.10809)
(0.2521; -0.2703; 0.0382)
(-149.395; -62.405; -55.369)
(-13.763; 4.94; -2.965)
(1.50148; -13.1107; 1.13643)
(0.2085; -0.3085; -0.2107)
(-53.079; -20.119; -143.605)
(-26.59; 33.784; -47.898)
(-0.781605; 1.18754; 6.13625)
(-0.1652; -0.2118; -0.2667)
(29.679; 63.223; -122.937)
(-67.859; 15.111; 54.931)
(3.35908; 19.8973; 2.38944)
(0.2868; -0.2709; -0.024)
(-135.828; -63.847; -79.38)
(-25.755; 1.608; 0.293)
(2.39644; -15.8343; 4.45636)
(0.201; -0.3177; -0.1808)
(-83.23; -23.075; -137.399)
(-41.613; 33.824; -47.894)
(1.95756; 4.32934; 12.3457)
(-0.192; -0.1861; -0.2416)
(46.218; 64.218; -100.704)
(-74.598; 10.716; 47.054)
(2.49325; 17.3585; 7.57522)
(0.2696; -0.264; 0.0056)
(-167.944; -72.651; -68.279)
(-36.553; 11.774; -1.022)
(-0.646111; -19.7023; -0.720615)
(0.2215; -0.2876; -0.229)
(-55.736; -23.801; -162.742)
(-58.645; -0.095; -28.238)
(2.57712; -13.3586; 20.6651)
(-0.2809; -0.0185; -0.0431)
(128.539; 59.492; 26.667)
(-81.688; 11.755; -0.877)
(11.442; 24.4934; -20.6324)
(-0.1344; 0.0073; -0.3879)
(172.755; 42.16; 123.883)
(-48.032; 12.195; 19.625)
(-4.51941; -12.1383; 15.6859)
(0.4187; -0.1383; -0.064)
(-156.045; -49.815; -152.686)
(-82.521; -8.707; -34.2)
(-13.9926; -24.082; 13.4173)
(-0.2796; 0.0898; -0.046)
(94.379; 46.152; 63.289)
(-155.919; 29.249; 32.217)
(34.6712; 34.5125; -29.2675)
(0.0516; -0.0569; -0.4524)
(173.555; 4.782; 172.321)
(-62.045; 0.817; -7.954)
(-7.4809; -21.6639; 9.15248)
(0.1666; -0.19; -0.3851)
(77.9; 33.414; -140.975)
(-29.175; 5.745; -62.637)
(-4.67568; -4.3289; -1.70608)
(-0.192; 0.102; 0.1423)
(-145.832; 0.766; -32.399)
(-118.444; 69.019; 44.617)
(-2.25384; 24.1871; -22.5261)
(0.4267; 0.0222; -0.213)
(128.07; -71.978; -118.004)
(-47.406; 7.701; -14.645)
(-5.61551; -21.9164; 7.34036)
(-0.0992; -0.1008; -0.3699)
(88.578; 38.249; -138.569)
(-21.217; 13.327; -48.156)
(0.867504; 7.50237; 6.86703)
(-0.1799; 0.0805; 0.1598)
(-139.561; 38.736; -18.556)
(-72.096; 75.411; 40.057)
(-1.04455; 14.2908; -10.3304)
(0.4076; 0.0745; -0.2507)
(-87.611; -68.265; -108.012)
(-33.768; -0.147; -14.123)
(-7.59721; -18.4935; 7.32963)
(-0.1761; -0.0764; -0.3258)
(-132.494; 46.436; -119.321)
(-28.35; 9.128; -27.282)
(4.5803; 18.9731; 5.06652)
(-0.2815; 0.0634; -0.0374)
(-115.084; 58.648; -71.167)
(-18.599; 28.259; 33.667)
(0.211558; 8.87476; -1.23972)
(0.4334; -0.0111; 0.0208)
(47.986; -63.802; -31.546)
(-19.95; 17.308; 5.341)
(1.46532; -8.45969; -2.2635)
(0.3951; 0.0289; -0.2911)
(158.409; -45.511; -163.831)
(1.26; 3.552; -3.732)
(0.464551; 1.55601; 6.52137)
(0.2172; -0.1108; -0.394)
(128.91; -7.599; -136.988)
(-26.949; 22.688; -1.507)
(0.124984; 7.41961; 3.52626)
(0.3347; -0.1438; -0.2881)
(106.532; -24.53; -129.99)
(-42.274; -4.848; -2.163)
(-17.9043; -25.7443; 8.81103)
(-0.133; -0.2313; -0.2559)
(123.884; 52.348; -126.366)
(-58.234; 29.125; -5.533)
(0.608514; -3.06897; -13.3254)
(0.3102; -0.267; -0.1152)
(-84.731; -58.912; -102.814)
(-26.896; 0.006; -3.827)
(-0.21838; 3.20653; 15.3245)
(-0.101; -0.3021; -0.0531)
(-65.915; 10.659; -92.36)
(-19.163; -3.016; 5.927)
(10.7923; 15.6578; 3.23314)
(-0.1252; 0.0229; -0.3877)
(-175.54; 38.893; -152.883)
(-15.85; 11.556; 13.14)
(-3.7246; 2.06364; -0.929963)
(0.3201; -0.0625; -0.3372)
(146.072; -28.14; -145.81)
(-13.185; 2.691; 19.07)
(-1.50084; -0.123858; 11.5762)
(0.2676; -0.2346; -0.2567)
(100.625; -14.031; -127.77)
(-14.472; -7.019; 5.4)
(11.7333; 11.0639; 8.91437)
(-0.1243; -0.2369; -0.2385)
(14.737; 34.843; -143.912)
(-25.044; 10.715; 12.466)
(-8.31705; 7.52432; 10.1853)
(0.0255; -0.2297; -0.3712)
(-70.75; -16.032; -143.268)
(-26.78; 6.011; 14.542)
(-2.2759; 1.71604; 9.83827)
(0.1731; -0.0022; -0.4496)
(-140.516; -20.415; -149.463)
(-24.569; -15.216; 6.397)
(1.32373; 2.35058; 12.6852)
(0.088; -0.1163; -0.4142)
(147.272; 18.533; -156.817)
(-11.798; -8.894; 13.465)
(1.88702; -1.01396; 8.92467)
(-0.0089; -0.2038; -0.3548)
(97.38; 23.607; -156.074)
(-17.599; -15.487; 1.452)
(-12.6519; -14.0551; -14.0845)
(-0.2933; -0.0453; -0.1394)
(-62.587; 77.912; -10.146)
(-42.454; 36.862; 12.287)
(3.33268; 0.370148; -8.88311)
(0.4206; -0.1309; -0.2016)
(-105.699; -75.132; -78.407)
(-39.412; -12.153; 4.195)
(-4.23787; -7.00213; 20.1423)
(-0.2287; -0.1006; -0.2324)
(-69.193; 46.663; -108.503)
(-35.737; 18.462; 6.751)
(0.816443; -10.412; -14.9176)
(0.221; -0.2697; 0.0762)
(74.485; -26.993; -83.417)
(-15.808; -4.829; 2.593)
(5.86234; -9.42225; 15.5707)
(0.1307; -0.3536; -0.0434)
(166.274; 14.274; -81.734)
(-57.569; 28.779; -2.044)
(2.8966; -5.97039; -16.6676)
(0.2485; -0.2309; -0.3431)
(-79.621; -46.084; -119.9)
(-23.049; -5.627; 0.31)
(2.31958; -2.49519; 16.277)
(-0.2021; -0.2142; -0.1357)
(-58.083; 28.882; -92.407)
(-12.84; -1.133; -15.895)
(-14.9576; -8.90683; -6.00513)
(-0.1744; -0.0624; 0.1672)
(48.68; 43.386; -50.407)
(-17.391; 3.106; -17.949)
(-2.23967; 13.3866; 14.6322)
(-0.1814; -0.2548; -0.0765)
(18.166; 37.124; -115.923)
(-20.386; 49.572; 35.563)
(-22.1669; 7.50603; -4.302)
(0.446; -0.0915; -0.0692)
(-178.977; -57.482; -41.175)
(-3.411; 0.426; -8.744)
(-0.247051; -7.25894; 4.4308)
(-0.0895; -0.0533; -0.3983)
(-132.352; 35.012; -142.778)
(-15.919; 3.953; 12.845)
(7.76918; 12.2513; 1.65068)
(0.0199; -0.2033; -0.3541)
(123.594; 21.459; -149.094)
(-25.076; -4.89; 17.562)
(6.57434; 14.3452; 0.232227)
(0.123; -0.3463; -0.1124)
(22.767; -18.505; -106.402)
(-28.855; 20.086; 13.393)
(-5.02791; 0.247686; 6.44444)
(0.2135; -0.3384; -0.0945)
(-38.653; -40.27; -87.454)
(-36.375; -15.601; 5.059)
(-5.70771; -12.1014; 16.9711)
(-0.2747; 0.0815; -0.0115)
(40.428; 76.204; -48.166)
(-85.703; 24.154; -3.743)
(0.559436; -1.34511; -25.3089)
(0.4351; 0.0668; 0.0079)
(152.22; -89.012; -118.768)
(4.136; -4.264; -1.83)
(1.59487; -7.87281; 8.89897)
(0.1428; -0.3289; -0.2366)
(-131.476; -0.209; -91.522)
(-25.159; 35.574; -2.642)
(-1.1961; -4.1982; -9.17766)
(0.1246; -0.2165; -0.3861)
(-24.543; -30.155; -145.796)
(-31.372; -4.511; -11.66)
(6.99358; 8.17055; 23.3307)
(-0.1071; 0.0014; -0.4131)
(-102.913; 24.224; -148.314)
(-41.206; 32.096; 14.677)
(0.400646; 6.33295; -13.6365)
(0.4235; -0.0679; 0.0679)
(117.772; -51.676; -61.214)
(-0.86; -6.347; 4.983)
(-2.68424; -13.6536; 12.798)
(0.1549; -0.375; -0.1087)
(-167.457; 8.045; -73.692)
(-2.307; 26.291; -11.661)
(-1.98863; 3.19272; -0.406821)
(-0.0161; -0.2283; -0.4137)
(-71.122; -16.803; -128.713)
(-9.492; 14.723; 14.949)
(-1.22325; 11.4913; 0.161517)
(0.267; -0.3383; -0.1477)
(179.984; -3.357; -83.063)
(9.538; -1.307; -1.755)
(0.403823; -0.606676; 5.35335)
(0.076; -0.3523; -0.2109)
(171.973; 26.619; -99.128)
(-16.322; 8.572; 5.035)
(0.541611; -1.8242; -13.3806)
(0.2296; -0.3537; -0.044)
(155.508; 3.25; -83.777)
(-21.464; 11.319; -7.719)
(2.56824; -8.85741; 8.19804)
(0.2776; -0.2768; -0.308)
(-148.702; -13.842; -101.02)
(-8.011; 5.648; -9.71)
(-8.6139; -8.99154; -0.834694)
(-0.1083; -0.2302; -0.3313)
(-95.179; 19.462; -106.37)
(-27.615; 5.62; 4.377)
(6.69559; 18.1776; 1.73678)
(0.0564; -0.1855; -0.402)
(-129.709; 9.914; -121.158)
(3.344; 7.898; 22.682)
(-5.58541; -5.14506; 9.43969)
(0.1392; -0.3358; -0.1836)
(144.689; 13.469; -112.884)
(-22.044; 4.214; -10.107)
(-8.92479; -8.00569; -14.3484)
(-0.1685; -0.2; -0.2467)
(-98.927; 40.789; -94.172)
(-4.205; 10.576; 8.215)
(0.193114; 1.65479; 6.014)
(0.0242; -0.3205; -0.2049)
(-119.915; 12.538; -86.492)
(-21.77; 22.993; -29.974)
(-21.3248; -12.3514; -5.35282)
(-0.0853; -0.302; -0.1487)
(-82.263; 15.46; -84.763)
(-7.022; 9.473; 16.365)
(3.76995; 11.5732; 2.26226)
(0.0058; -0.2906; -0.2613)
(-147.892; 25.742; -103.785)
(-2.188; 9.736; 10.5)
(-1.84009; -2.23041; 0.443439)
(0.0294; -0.2274; -0.3424)
(-162.553; 26.04; -124.651)
(3.608; 2.363; -3.803)
(-0.743301; -2.14399; 4.1738)
(-0.1098; -0.1866; -0.3213)
(-143.157; 45.263; -117.165)
(3.441; 2.484; -1.076)
(3.84678; 5.90541; 1.61635)
(-0.1194; -0.1718; -0.3187)
(-174.279; 51.754; -130.611)
(7.445; 11.878; 2.532)
(1.42409; -0.619192; 0.910338)
(-0.0219; -0.23; -0.325)
(171.64; 36.012; -130.788)
(5.633; 10.252; 1.4)
(-0.078957; 0.738435; -1.54131)
(0.0489; -0.2598; -0.3061)
(156.78; 25.056; -129.83)
(8.158; 11.27; 4.18)
(1.65263; 1.42965; 0.131593)
(0.091; -0.2971; -0.2378)
(145.481; 18.052; -119.549)
(-1.804; 18.123; 9.329)
(-0.105888; -0.43112; -0.164369)
(0.1439; -0.2814; -0.2423)
(144.763; 10.716; -124.066)
(-1.536; 21.686; 16.529)
(-1.01038; -6.4362; 4.33853)
(0.0834; -0.2914; -0.2724)
(155.384; 23.618; -122.356)
(-19.533; 23.615; -19.471)
(-1.11112; 5.9111; -13.9245)
(-0.0297; -0.3298; -0.1732)
(177.661; 39.517; -95.943)
(-21.901; 26.85; 32.627)
(1.11237; -11.0603; 5.74253)
(0.1503; -0.3372; -0.2106)
(174.529; 14.827; -103.363)
(-34.262; 36.727; -1.074)
(-2.6032; 14.4722; -8.11637)
(0.0851; -0.3408; -0.2006)
(-175.398; 22.064; -95.862)
(-45.296; 48.143; 13.448)
(3.56273; -18.9213; 2.85582)
(0.1175; -0.3415; -0.23)
(-178.891; 20.862; -100.51)
(-65.255; 48.214; 9.006)
(0.338612; 14.8346; -9.14034)
(0.158; -0.3296; -0.1947)
(173.948; 13.256; -102.647)
(-63.548; 49.26; 17.85)
(1.69835; -20.1286; -0.235117)
(0.2716; -0.2986; -0.1791)
(164.548; -2.674; -106.782)
(-93.69; 38.382; -22.351)
(0.0398; 20.6691; -11.1984)
(0.2047; -0.3055; -0.2495)
(-176.746; 6.05; -105.714)
(-92.448; 49.075; 8.764)
(0.886154; -23.3002; -2.51205)
(0.2843; -0.287; -0.1846)
(161.568; -4.064; -110.611)
(-109.356; 50.545; -2.656)
(0.661327; 23.5044; -10.8195)
(0.2514; -0.2951; -0.2212)
(171.6; 1.848; -108.524)
(-106.444; 67.533; -7.128)
(1.57636; -25.9067; 3.99318)
(0.2388; -0.2838; -0.2759)
(174.584; 5.599; -111.483)
(-100.687; 56.254; 24.092)
(-0.101468; 22.0526; -10.237)
(0.2083; -0.3231; -0.1892)
(168.775; 6.95; -102.13)
(-131.746; 49.901; 1.995)
(5.09407; -29.3916; 9.61555)
(0.1311; -0.362; -0.1781)
(-168.808; 18.522; -87.533)
(-5.514; 99.581; 13.481)
(2.65265; -0.564328; -12.3452)
(0.2307; -0.2859; 0.0893)
(-147.126; -3.291; -39.682)
(-43.646; -4.515; -15.169)
(-1.82311; 11.4144; 10.478)
(-0.0954; -0.2611; 0.1247)
(-113.005; 33.135; -16.046)
(-41.43; -7.367; 30.284)
(-0.259128; -5.22078; -5.65187)
(-0.2586; -0.1231; -0.0898)
(-62.364; 73.699; 24.452)
(1.635; 14.615; -92.965)
(-2.88407; 5.48052; -2.53389)
(0.1558; -0.1513; 0.2423)
(-101.114; -14.411; -0.51)
(-67.108; -7.301; 19.806)
(-2.75248; 13.754; 8.52886)
(-0.2485; -0.1208; -0.0838)
(-62.62; 70.476; 15.111)
(-99.948; 53.058; -59.232)
(7.73928; -31.9852; -14.2136)
(-0.0703; -0.2619; 0.1411)
(-96.201; 12.74; -18.532)
(-53.136; 28.419; -17.839)
(-7.15601; 17.5999; 9.24733)
(-0.1414; -0.2357; 0.0706)
(-83.851; 27.091; -20.967)
(-93.645; 2.733; 21.002)
(6.96392; 3.89945; -25.7228)
(-0.2733; 0.0138; -0.1719)
(-46.495; 70.264; -32.198)
(-13.552; 57.543; 1.448)
(-4.71801; 5.22962; 6.34112)
(-0.0221; -0.3478; -0.0699)
(-85.748; 4.13; -58.644)
(-86.559; -64.225; -48.468)
(-3.81475; -7.3849; -0.649476)
(-0.2183; 0.21; -0.1091)
(52.073; 60.154; 36.469)
(-26.544; 77.22; -78.238)
(-4.34525; 5.91775; 9.1387)
(0.1004; -0.3469; -0.1329)
(-72.103; -24.98; -74.389)
(-119.917; -44.542; 15.959)
(2.62337; -1.77853; 29.5184)
(-0.2; 0.1681; -0.2462)
(106.952; 87.951; 98.159)
(-82.634; 156.917; -8.033)
(6.74984; 0.414937; 6.2802)
(0.3373; -0.1995; -0.2608)
(-91.21; -43.864; -85.383)
(-45.536; -18.314; 18.179)
(5.4433; -2.29508; 17.2687)
(-0.2009; -0.1383; -0.249)
(-84.074; 38.137; -80.236)
(-70.375; 55.913; 4.88)
(-1.36537; 22.5079; -16.6031)
(-0.2255; -0.1896; -0.1692)
(-63.847; 18.118; -75.54)
(-43.001; 15.512; 41.74)
(0.573814; -10.2523; 3.10302)
(-0; -0.2638; -0.3044)
(-121.991; 19.671; -83.326)
(-95.108; -28.34; -72.288)
(5.74693; 19.5481; -0.728574)
(-0.1809; -0.1962; 0.1621)
(5.764; -14.399; -50.07)
(-69.465; -4.623; 101.494)
(2.17816; 12.4094; 5.86837)
(0.0562; -0.2437; -0.1579)
(-173.558; 50.46; -113.825)
(-81.76; 8.36; -17.518)
(-3.39253; -30.4464; 0.773329)
(-0.1995; -0.2081; 0.0459)
(-54.6; 12.89; -55.436)
(-52.815; 31.543; 4.385)
(-0.987002; 19.7422; 0.945264)
(-0.1806; -0.2233; -0.0075)
(-52.596; 20.312; -19.291)
(-35.241; -6.561; 52.014)
(1.67264; -2.25988; 5.12573)
(-0.02; -0.1815; -0.1951)
(150.463; 73.995; -166.741)
(-67.367; 43.862; -151.721)
(-1.23059; -3.16097; 8.99942)
(-0.1069; -0.2366; 0.2275)
(-23.387; -25.143; -38.3)
(-12.917; 11.554; 22.276)
(2.72399; 8.41654; -0.124011)
(-0.071; -0.2389; -0.136)
(-99.591; 45.473; -62.363)
(3.333; 9.61; -10.005)
(-4.28229; -0.686327; -0.805113)
(0.0289; -0.2202; -0.1873)
(-118.35; 39.959; -86.998)
(18.429; 21.061; -25.013)
(5.33071; 3.05351; -4.31096)
(-0.1283; -0.1368; -0.1983)
(-79.923; 38.402; -78.02)
(-20.879; 3.281; 0.684)
(-2.54567; -2.76612; 9.35916)
(-0.175; -0.0922; -0.1766)
(-74.975; 58.437; -62.958)
(-106.943; 5.97; 0.838)
(-1.33255; 4.39948; -34.1821)
(-0.18; -0.2211; -0.1262)
(-74.928; 32.114; -57.228)
(-56.139; 1.498; -5.2)
(-5.10049; -17.8456; 14.6945)
(0.0281; -0.2558; -0.1768)
(-97.986; -9.156; -79.514)
(-41.617; -25.801; -15.209)
(-8.23906; -9.81264; 9.33312)
(-0.2426; 0.1306; 0.0382)
(-28.642; 51.534; -73.65)
(-72.374; 17.649; 1.053)
(4.47258; 19.9814; -24.607)
(-0.1787; -0.2329; -0.0988)
(-71.495; -7.883; -78.293)
(-50.379; -1.697; 6.228)
(-9.35808; -14.0127; 16.8139)
(0.153; -0.2626; -0.0708)
(-145.952; 5.411; -59.383)
(-57.369; 13.129; -25.714)
(-17.2709; -15.7613; -13.5332)
(-0.2101; -0.1681; 0.1155)
(6.98; 12.211; -132.044)
(-87.357; 30.148; 33.646)
(-6.27058; 24.4145; -9.42548)
(0.1489; -0.258; -0.0528)
(-154.921; -56.117; -14.028)
(-17.97; 5.537; 6.871)
(-0.116969; -4.93336; 8.73357)
(-0.0165; -0.165; -0.196)
(-120.938; -17.397; -79.471)
(-20.367; -29.586; 6.113)
(-14.2975; -13.9519; -5.09913)
(-0.2332; 0.0781; -0.0136)
(-46.958; 39.438; -50.728)
(-28.929; 68.689; 24.814)
(-7.85556; 0.450193; 4.24784)
(0.255; -0.1248; 0.017)
(137.636; -49.811; 73.832)
(-30.447; -13.249; -6.798)
(4.56976; 3.36068; 17.6668)
(-0.2165; 0.01; -0.087)
(-77.945; 8.467; -115.646)
(-17.475; 15.885; 33.415)
(1.23225; -12.4092; -2.11062)
(0.0984; -0.1858; -0.1325)
(-172.483; 26.648; -76.38)
(-98.194; 20.075; -13.633)
(-3.13067; -23.222; -15.7065)
(0.0018; -0.2481; -0.0334)
(21.828; -34.026; -162.891)
(-59.36; 1.044; -3.963)
(8.58792; 18.2802; 17.5656)
(-0.134; -0.2071; -0.0256)
(-4.674; -10.732; -156.024)
(-88.545; 10.394; 29.122)
(4.99143; 21.3679; -0.074437)
(0.1591; -0.1963; -0.0859)
(176.844; 14.457; -70.195)
(-91.715; 5.363; -10.984)
(-11.6703; -29.5682; -11.4623)
(-0.1377; -0.2034; -0.0634)
(-91.206; -10.816; -67.53)
(-15.874; 42.381; -23.945)
(0.271625; -2.92148; 5.87281)
(0.1055; -0.1887; -0.1121)
(83.987; 11.922; -178.123)
(-44.543; 28.596; 20.798)
(2.44436; 15.8026; -14.1391)
(0.0126; -0.225; 0.1725)
(-85.221; -51.528; -22.857)
(-24.994; -6.157; -0.219)
(-7.13279; -16.6108; 3.80778)
(-0.0111; -0.1951; 0.212)
(-33.029; -50.746; -56.564)
(-22.695; 26.296; -19.317)
(-1.37747; 2.9313; 7.18604)
(0.186; -0.1895; -0.0115)
(77.485; -43.754; 175.11)
(-27.327; 19.702; 26.609)
(3.5284; 15.0053; -0.601737)
(-0.0953; -0.2452; 0.0955)
(-91.653; -14.65; -32.181)
(-5.232; 6.293; -34.83)
(-11.3291; 6.89488; 3.0868)
(-0.1435; -0.15; 0.2116)
(-52.723; -19.628; -30.853)
(-3.197; 4.153; -5.675)
(1.63619; 1.17572; -0.046271)
(-0.1647; -0.0941; 0.2175)
(-34.534; -11.102; -39.288)
(5.719; 8.566; -10.852)
(4.61172; -1.50674; 1.14073)
(-0.1357; -0.0376; 0.2606)
(-26.385; -14.821; -27.039)
(-12.489; -10.385; -8.734)
(0.991547; -0.140076; 6.50548)
(-0.0983; 0.1056; 0.2583)
(3.031; -5.885; -12.879)
(-30.118; 103.356; -46.265)
(-0.780762; -0.207267; -20.9558)
(-0.1211; 0.0517; 0.2809)
(-46.671; -23.748; 10.754)
(-26.704; 23.927; -4.248)
(0.476439; 1.09094; 15.8217)
(-0.0999; 0.1438; 0.2583)
(-30.264; -24.334; 17.099)
(-67.216; 37.813; -30.572)
(1.46973; -8.88094; -20.2708)
(-0.0799; 0.1658; 0.2586)
(-38.515; -31.74; 26.077)
(-33.794; 49.479; -5.537)
(-7.62352; -2.02935; 17.2852)
(-0.1965; 0.1191; 0.2086)
(-44.238; -5.973; 27.756)
(-95.751; 6.758; -19.142)
(1.64969; -3.95237; -21.8107)
(-0.0766; 0.1556; 0.2755)
(-21.828; -26.428; 9.009)
(-31.709; 78.174; -14.032)
(-5.11359; 1.79637; 17.1815)
(-0.1844; 0.1041; 0.2374)
(-60.62; -11.985; 41.513)
(-98.896; -9.647; -3.385)
(3.79568; -8.12915; -18.9434)
(-0.0732; 0.1911; 0.2518)
(-24.774; -30.339; 19.764)
(10.317; 110.929; 28.469)
(-4.59925; -0.651461; 10.6402)
(-0.1923; -0.0241; 0.2478)
(-85.014; 7.737; 39.313)
(-106.296; -62.412; -7.852)
(1.46595; 1.18079; -14.2606)
(-0.0355; 0.1234; 0.3077)
(-19.284; -35.128; -0.248)
(16.435; 119.094; 30.349)
(-3.36291; 2.42911; 6.91243)
(-0.1831; 0.0022; 0.2594)
(-85.128; 5.742; 42.856)
(-97.407; -73.119; -2.985)
(3.32362; -0.012103; -11.9062)
(-0.0344; 0.1511; 0.297)
(-13.208; -31.873; 0.477)
(17.494; 105.693; 31.835)
(-3.53562; 4.2625; 4.50178)
(-0.1834; -0.0113; 0.2565)
(-84.29; 4.644; 41.235)
(-100.241; -109.039; -21.83)
(1.2449; 1.12182; -4.35213)
(-0.0316; 0.1242; 0.3085)
(-5.669; -27.798; -12.635)
(16.761; 96.58; 3.412)
(-0.560613; 9.93002; -3.07689)
(-0.1637; 0.0085; 0.2736)
(-82.097; -1.941; 40.769)
(-123.934; -103.77; -28.36)
(-1.85233; 4.64108; 8.82169)
(-0.0062; 0.1682; 0.2911)
(6.192; -24.46; -11.161)
(9.53; 95.274; -27.369)
(2.48902; 7.04894; -3.71181)
(-0.1411; 0.0149; 0.2935)
(-84.929; -8.506; 40.836)
(-95.959; -76.152; -26.522)
(-0.195439; 4.17588; 8.57536)
(-0.0307; 0.1481; 0.2964)
(-3.198; -25.086; -9.571)
(2.831; 103.595; -59.375)
(4.03011; 3.40236; -11.349)
(-0.1185; 0.0068; 0.3142)
(-84.229; -15.663; 36.529)
(-57.199; 20.597; -43.703)
(-13.9039; -5.87743; 21.08)
(-0.1401; 0.1251; 0.2696)
(-31.806; -18.549; 7.054)
(-27.596; 58.979; -30.1)
(2.83581; -2.08638; -19.3389)
(-0.0937; 0.0733; 0.3181)
(-44.521; -30.818; 8.072)
(0.811; -0.539; -5.949)
(-0.420675; 7.78972; -1.53338)
(-0.1519; -0.0525; 0.2777)
(-63.793; -16.095; -0.761)
(1.559; -0.088; -12.876)
(0.099999; 0.542304; 2.3507)
(-0.1995; -0.049; 0.2275)
(-53.906; -2.777; -10.138)
(6.918; 6.818; -4.225)
(-7.37241; 0.286862; 0.587445)
(-0.2205; -0.0982; 0.1634)
(-60.905; 6.189; -24.353)
(-10.226; 21.816; -31.306)
(0.440515; 9.16462; -3.58255)
(-0.1527; -0.2076; 0.1474)
(-60.73; -16.603; -53.7)
(-58.625; -30.258; 62.119)
(-1.88816; -10.7436; -3.73179)
(-0.208; 0.0207; -0.121)
(-76.039; 57.511; -52.048)
(-41.87; 27.091; -63.587)
(0.960317; 11.5583; 9.04156)
(0.0159; -0.2005; 0.2688)
(0.905; -37.639; -81.474)
(-78.085; -37.554; 52.963)
(9.73796; 14.6618; 13.5345)
(-0.1291; 0.1402; -0.1588)
(-111.172; 71.118; -109.811)
(-144.351; 98.336; -120.858)
(-5.20127; -18.4613; -22.3507)
(0.1396; -0.2418; -0.0104)
(59.502; -19.728; -178.462)
(-81.526; -42.512; 39.724)
(4.73401; 6.9053; 14.238)
(-0.1267; 0.2341; -0.0319)
(-44.741; 11.086; -75.022)
(-155.506; 92.319; -26.631)
(-3.70847; -33.6011; -21.0641)
(0.096; -0.2668; 0.0262)
(131.303; -16.27; 98.147)
(-57.864; -49.585; 27.24)
(2.5094; 4.42997; 11.2028)
(-0.1163; 0.2483; -0.0449)
(-46.941; -0.13; -65.255)
(-75.939; 72.818; 24.982)
(0.866551; -7.02926; -29.3826)
(-0.2069; -0.1602; -0.0129)
(-173.015; -47.365; 49.629)
(-65.762; -1.873; 15.475)
(0.637884; 4.58475; 27.2344)
(-0.2677; -0.0761; 0.0284)
(-94.944; -66.806; -33.829)
(-68.249; 3.523; 13.893)
(0.709145; -2.1754; -31.1774)
(-0.2569; 0.0925; -0.0989)
(-89.595; -41.555; -21.197)
(-94.597; 13.953; 38.364)
(4.18866; 14.3224; 30.5194)
(-0.0747; -0.298; 0.0444)
(-138.703; -67.361; 0.37)
(-39.01; -50.895; 7.474)
(3.29001; -0.132598; 2.48173)
(-0.1547; 0.2638; -0.0818)
(-59.423; -1.231; -51.706)
(-68.514; 157.078; -34.622)
(2.85075; -0.398969; -7.20937)
(0.1782; -0.2225; -0.1114)
(89.958; -4.525; 82.675)
(-50.933; -37.231; 5.382)
(0.991002; -1.19493; 11.906)
(-0.1962; 0.2683; -0.0309)
(-65.607; -10.773; -70.502)
(-155.831; 42.718; 17.331)
(1.16071; -18.5267; -35.5314)
(-0.0519; -0.2975; -0.0441)
(131.619; -38.268; 65.905)
(-57.619; -10.998; -7.479)
(-3.78873; -2.28165; 23.5207)
(-0.278; -0.1267; -0.0422)
(-124.894; -53.901; -37.265)
(-51.939; -19.245; -2.022)
(-11.4867; 14.5655; -23.8093)
(-0.3058; 0.1475; -0.0918)
(-135.476; -44.43; -34.404)
(-51.398; -0.817; -6.477)
(13.0485; -0.381814; 26.1438)
(-0.133; -0.1718; -0.1746)
(-124.436; -54.535; -47.644)
(-4.924; 3.448; 13.387)
(-0.820254; 0.37723; -6.48888)
(-0.1963; -0.0926; -0.2201)
(-119.787; -18.806; -37.041)
(-0.626; 4.485; -1.359)
(-0.258669; 2.27213; 1.60328)
(-0.176; -0.0833; -0.2308)
(-119.897; -22.218; -45.078)
(-5.541; 12.116; 6.106)
(1.57507; 3.56713; -2.66447)
(0.0424; -0.2138; -0.2212)
(-139.616; 6.582; -20.504)
(-4.278; 9.313; -0.598)
(1.22806; 0.269173; -0.030985)
(0.0668; -0.2542; -0.1641)
(-139.302; 10.326; -11.787)
(-2.74; 6.636; -3.307)
(1.65077; -0.162781; 0.419022)
(0.0584; -0.3121; -0.0654)
(-134.429; 15.712; 3.263)
(-4.018; 9.276; -1.651)
(1.01141; -0.652928; -0.717842)
(0.098; -0.3289; 0.0151)
(-137.076; 20.57; 14.014)
(-5.474; 8.915; -7.106)
(0.389909; -0.31047; -1.92105)
(0.1822; -0.2968; 0.0531)
(-147.718; 18.768; 18.08)
(-1.898; 2.458; -9.137)
(1.58304; 4.17741; -1.10767)
(0.1686; -0.2387; 0.2696)
(-134.886; 36.552; 50.746)
(-3.554; 4.745; -8.461)
(-0.08193; 1.01445; -1.45196)
(0.2009; -0.208; 0.2887)
(-138.949; 53.272; 46.295)
(-2.544; 3.838; -8.916)
(-0.03796; 0.081293; -0.005788)
(0.2147; -0.1818; 0.2995)
(-140.356; 58.59; 44.788)
(-2.093; 2.896; -9.162)
(-0.073374; 0.03435; 0.035431)
(0.2012; -0.1727; 0.2801)
(-139.971; 58.494; 44.796)
(-2.096; 2.921; -9.137)
(-0.00973; 0.017336; 0.035488)
(0.1985; -0.1666; 0.2736)
(-139.776; 58.497; 45.394)
(-2.026; 3.034; -9.165)
(-0.043671; 0.028403; 0.033023)
(0.1985; -0.1656; 0.2822)
(-139.715; 58.562; 45.97)
(-2.092; 2.634; -9.169)
(0.083711; 0.054617; -0.027272)
(0.2012; -0.1716; 0.2758)
(-139.723; 58.43; 46.336)
(-2.057; 2.865; -9.192)
(0.010358; 0.0496; 0.017997)
(0.2012; -0.1707; 0.2823)
(-139.696; 58.4; 46.774)
(-2.022; 2.903; -9.177)
(0.018697; 0.032972; 0.025256)
(0.2023; -0.1677; 0.2834)
(-139.52; 58.324; 47.154)
(-1.966; 2.85; -9.194)
(-0.006138; 0.008598; 0.036639)
(0.1995; -0.1667; 0.2887)
(-139.159; 58.24; 47.381)
(-1.942; 2.86; -9.185)
(-0.022915; 0.01348; 0.033069)
(0.1994; -0.1676; 0.2833)
(-138.822; 58.249; 47.647)
(-2.089; 2.765; -9.27)
(0.05854; 0.042956; -0.020683)
(0.2002; -0.1757; 0.2888)
(-138.551; 58.121; 47.856)
(-1.975; 2.821; -9.144)
(-0.010397; 0.015718; 0.03536)
(0.2023; -0.1668; 0.2931)
(-138.392; 58.187; 47.988)
(-1.958; 2.802; -9.218)
(0.006856; 0.007537; 0.03399)
(0.2022; -0.1727; 0.2888)
(-138.101; 58.008; 48.144)
(-1.853; 2.627; -9.24)
(0.043998; 0.032639; 0.000715)
(0.2015; -0.1607; 0.2855)
(-137.767; 57.865; 48.37)
(-1.893; 2.802; -9.234)
(-0.022229; 0.011585; 0.037304)
(0.2013; -0.1707; 0.2855)
(-137.482; 57.932; 48.584)
(-1.885; 2.785; -9.222)
(0.006758; 0.008308; 0.033852)
(0.2006; -0.1597; 0.2844)
(-137.191; 57.758; 48.771)
(-1.905; 2.838; -9.205)
(0.002343; 0.006742; 0.032159)
(0.2002; -0.1746; 0.2844)
(-136.927; 57.577; 48.958)
(-1.859; 2.736; -9.231)
(0.009101; 0.02475; 0.024758)
(0.1994; -0.1686; 0.2833)
(-136.643; 57.424; 49.191)
(-1.864; 2.776; -9.216)
(-0.001845; 0.0094; 0.035721)
(0.1993; -0.1726; 0.2876)
(-136.357; 57.432; 49.474)
(-1.86; 2.816; -9.227)
(0.006929; 0.008383; 0.033918)
(0.1993; -0.1736; 0.2833)
(-136.075; 57.259; 49.652)
(-1.873; 2.789; -9.216)
(0.000882; 0.007914; 0.035128)
(0.1965; -0.1716; 0.2843)
(-135.773; 57.086; 49.858)
(-1.841; 2.774; -9.222)
(-0.008845; 0.009454; 0.02994)
(0.1995; -0.1657; 0.2909)
(-135.46; 57.143; 50.145)
(-1.857; 2.77; -9.202)
(-0.065347; 0.026141; 0.035714)
(0.1986; -0.1656; 0.2876)
(-135.172; 56.987; 50.322)
(-1.86; 2.734; -9.253)
(-0.008063; 0.012608; 0.036722)
(0.1984; -0.1706; 0.2876)
(-134.884; 56.808; 50.527)
(-1.823; 2.761; -9.255)
(-0.014296; 0.010867; 0.035629)
(0.1985; -0.1676; 0.2887)
(-134.565; 56.632; 50.742)
(-1.805; 2.744; -9.278)
(0.023053; 0.011829; 0.029464)
(0.1958; -0.1606; 0.2854)
(-134.262; 56.471; 50.963)
(-1.814; 2.613; -9.234)
(0.030837; 0.011882; -0.00471)
(0.1995; -0.1677; 0.2909)
(-134.02; 56.532; 51.197)
(-1.808; 2.765; -9.24)
(-0.003758; 0.009223; 0.035962)
(0.1976; -0.1646; 0.2844)
(-133.739; 56.403; 51.371)
(-1.797; 2.773; -9.27)
(-0.004084; 0.008544; 0.035802)
(0.1976; -0.1686; 0.2908)
(-133.446; 56.223; 51.566)
(-1.798; 2.76; -9.246)
(-0.006597; 0.010316; 0.037768)
(0.1948; -0.1646; 0.2886)
(-133.131; 56.038; 51.773)
(-1.749; 2.78; -9.255)
(-0.008142; 0.014956; 0.035485)
(0.1985; -0.1656; 0.2865)
(-132.787; 55.869; 52.015)
(-1.764; 2.733; -9.269)
(-0.006465; 0.011322; 0.035884)
(0.1957; -0.1666; 0.2876)
(-132.484; 55.687; 52.226)
(-1.784; 2.768; -9.241)
(0.005804; 0.010327; 0.035459)
(0.1946; -0.1715; 0.2886)
(-132.17; 55.519; 52.436)
(-1.807; 2.765; -9.254)
(0.005313; 0.005943; 0.037107)
(0.1976; -0.1666; 0.2876)
(-131.883; 55.34; 52.638)
(-1.77; 2.791; -9.27)
(-0.005536; 0.009269; 0.035994)
(0.1975; -0.1686; 0.2876)
(-131.579; 55.159; 52.857)
(-1.815; 2.739; -9.255)
(0.004539; 0.009352; 0.033384)
(0.1966; -0.1656; 0.2833)
(-131.294; 54.986; 53.092)
(-1.747; 2.77; -9.261)
(0.005081; 0.004801; 0.036845)
(0.1975; -0.1686; 0.2854)
(-130.988; 54.816; 53.343)
(-1.761; 2.755; -9.264)
(-0.004016; 0.007945; 0.035171)
(0.1957; -0.1666; 0.2897)
(-130.703; 54.631; 53.54)
(-1.744; 2.835; -9.238)
(0.059246; 0.001266; 0.034374)
(0.1975; -0.1706; 0.2919)
(-130.301; 54.58; 53.889)
(-1.75; 2.854; -9.219)
(0.001173; 0.014756; 0.03519)
(0.1958; -0.1626; 0.2876)
(-130; 54.42; 54.121)
(-1.664; 2.789; -9.269)
(-0.011815; 0.009589; 0.036322)
(0.1967; -0.1636; 0.2876)
(-129.7; 54.239; 54.326)
(-1.703; 2.745; -9.257)
(-0.020408; 0.010823; 0.03666)
(0.1947; -0.1665; 0.281)
(-129.421; 54.052; 54.51)
(-1.746; 2.773; -9.209)
(0.005459; 0.006667; 0.035031)
(0.1986; -0.1646; 0.2865)
(-129.127; 53.862; 54.708)
(-1.692; 2.808; -9.228)
(-0.009757; 0.011274; 0.035856)
(0.1968; -0.1576; 0.2833)
(-128.826; 53.676; 54.903)
(-1.697; 2.749; -9.256)
(-0.00444; 0.012009; 0.034384)
(0.1985; -0.1676; 0.2833)
(-128.532; 53.489; 55.123)
(-1.726; 2.749; -9.254)
(-0.001182; 0.011103; 0.035767)
(0.1976; -0.1666; 0.2865)
(-128.253; 53.308; 55.314)
(-0.882; 3.358; -9.391)
(2.53898; 0.049118; 0.077615)
(0.1934; -0.1467; 0.307)
(-126.643; 53.751; 59.859)
(2.89; 8.034; -5.056)
(-0.890169; 0.549691; 0.478832)
(0.1736; -0.2241; 0.1711)
(-126.754; 66.359; 30.246)
(-0.452; 2.706; -7.758)
(3.0116; -0.618724; -0.352967)
(0.1495; -0.2055; 0.2399)
(-118.772; 67.17; 56.084)
(-2.888; 1.994; -10.678)
(0.238224; 0.299549; 0.267048)
(0.1376; -0.2042; 0.2407)
(-113.447; 64.051; 65.429)
(-0.191; 3.501; -9.011)
(-0.748539; -0.26084; 1.81435)
(0.1096; -0.2038; 0.2423)
(-107.32; 59.853; 72.234)
(1.781; 3.703; -9.183)
(-1.01885; -0.202979; 1.51315)
(0.0551; -0.2449; 0.2017)
(-104.087; 44.484; 66.664)
(3.424; 4.72; -7.986)
(-2.93101; 0.067862; 1.24827)
(0.0179; -0.2517; 0.1876)
(-102.635; 37.007; 63.847)
(1.385; 4.287; -8.57)
(0.292946; 0.235807; 1.00636)
(-0.0236; -0.2655; 0.1774)
(-100.077; 32.751; 62.934)
(6.258; 6.701; -10.987)
(1.29376; 0.28549; -2.40072)
(-0.0901; -0.2401; 0.2151)
(-85.544; 31.971; 80.387)
(4.906; 2.445; -15.909)
(-0.062632; 0.502882; -0.089469)
(-0.0924; -0.2282; 0.2391)
(-93.063; 23.336; 77.46)
(0.227; 5.723; -10.332)
(-2.72176; -0.727181; -0.986374)
(-0.0676; -0.2528; 0.2347)
(-94.814; 30.126; 74.719)
(0.717; 5.699; -8.561)
(-0.10234; -0.802115; -0.605656)
(-0.0287; -0.2668; 0.2296)
(-99.358; 32.715; 69.233)
(1.768; 4.313; -8.143)
(0.936606; 0.053254; -0.097178)
(-0.035; -0.2391; 0.2474)
(-99.158; 30.436; 73.644)
(0.82; 3.238; -9.173)
(0.171565; -0.032681; -0.439983)
(-0.0285; -0.2237; 0.2515)
(-98.947; 31.181; 76.716)
(1.168; 2.658; -8.362)
(-0.273071; 0.220939; -0.123678)
(-0.0269; -0.2292; 0.2416)
(-97.926; 33.734; 75.718)
(1.432; 3.71; -9.462)
(-0.688849; -0.405645; -0.064417)
(-0.0202; -0.2376; 0.2288)
(-99.341; 33.469; 72.266)
(0.445; 3.78; -8.756)
(-0.502498; -0.271975; 0.222227)
(-0.0206; -0.2532; 0.2228)
(-101.984; 31.005; 68.359)
(0.894; 4.686; -9.094)
(0.543695; 0.579801; 0.080003)
(-0.0169; -0.2441; 0.2248)
(-101.764; 31.051; 68.411)
(1.786; 2.733; -9.895)
(1.12272; 0.427755; 0.295418)
(-0.0329; -0.2254; 0.2474)
(-97.312; 31.902; 78.519)
(1.794; -2.206; -6.992)
(2.24386; 0.799894; 0.660926)
(-0.0635; -0.1237; 0.3037)
(-90.376; 29.119; 101.904)
(2.599; -4.026; -8.605)
(4.87594; 1.93897; -0.585365)
(-0.1024; -0.013; 0.3223)
(-83.094; 25.277; 129.08)
(5.827; -4.266; -0.808)
(2.54298; 2.17545; -0.859975)
(-0.1519; 0.1028; 0.2618)
(-70.457; 18.123; 163.99)
(5.698; -7.643; 0.99)
(3.7889; -0.566872; -0.333073)
(-0.1666; 0.2075; 0.1729)
(-71.363; 13.594; -165.25)
(5.325; -6.153; 4.879)
(3.90512; 0.639658; 0.172626)
(-0.1651; 0.2494; 0.0401)
(-74.924; 10.232; -135.703)
(5.174; -4.334; 6.009)
(1.10261; 0.452665; 0.496229)
(-0.1613; 0.2461; -0.0472)
(-78.696; 8.976; -119.2)
(3.709; -2.591; 7.591)
(2.02948; 0.640042; 0.322463)
(-0.1413; 0.2351; -0.1028)
(-84.267; 8.771; -109.773)
(3.527; -2.685; 8.791)
(-0.21802; 0.157432; 0.313338)
(-0.133; 0.2209; -0.125)
(-86.645; 9.967; -104.995)
(2.866; -5.699; 7.867)
(-7.09457; 0.704542; -0.912369)
(-0.1387; 0.2613; -0.0448)
(-86.618; 7.673; -126.216)
(0.652; -7.058; 4.865)
(0.361222; 0.220588; 0.351122)
(-0.1528; 0.2616; 0.0265)
(-85.373; 4.071; -142.781)
(4.504; -6.666; 5.143)
(-0.955518; -0.305183; -0.430084)
(-0.1561; 0.2567; 0.0237)
(-84.636; 2.736; -142.969)
(4.189; -6.961; 1.295)
(-5.69121; 0.188063; 0.535064)
(-0.1518; 0.2295; 0.122)
(-86.324; 3.194; -166.948)
(4.129; -12.556; -0.751)
(-3.88371; 0.22157; -1.63182)
(-0.1637; 0.1803; 0.1829)
(-84.178; 0.358; 170.748)
(5.232; -6.954; -3.046)
(-2.81552; -0.520084; -0.408622)
(-0.1996; 0.0856; 0.2008)
(-75.506; -1.173; 150.324)
(5.311; -7.796; -8.662)
(-3.02442; 0.308503; 0.016926)
(-0.1931; 0.0068; 0.2155)
(-77.148; -0.398; 127.039)
(5.335; -0.769; -7.674)
(-2.74765; 0.523591; 0.385988)
(-0.2054; -0.0524; 0.1839)
(-74.252; -3.707; 103.328)
(5.639; -0.909; -7.884)
(-1.98777; -0.257977; 0.76092)
(-0.2155; -0.0701; 0.147)
(-73.137; -9.19; 85.573)
(5.589; 0.89; -8.06)
(-1.30523; -0.473984; 0.303758)
(-0.2198; -0.0759; 0.1365)
(-74.371; -12.133; 74.322)
(4.736; 1.199; -9.525)
(-1.89298; -0.716064; -0.722782)
(-0.2054; -0.1066; 0.1412)
(-79.012; -12.507; 66.112)
(4.21; 8.413; -7.51)
(-1.57854; -0.18843; -0.752081)
(-0.1838; -0.1563; 0.1193)
(-84.721; -8.276; 53.018)
(3.398; 6.356; -7.889)
(-2.03981; 0.198319; -0.417999)
(-0.1648; -0.1884; 0.0696)
(-87.79; -4.844; 39.042)
(3.176; 7.081; -8.583)
(5.25942; -0.107562; -0.008493)
(-0.1568; -0.1997; 0.0749)
(-89.452; -2.474; 43.055)
(2.709; 0.723; -8.067)
(1.15827; -0.182887; -0.270455)
(-0.144; -0.1586; 0.17)
(-91.317; -2.8; 69.267)
(2.262; 1.638; -8.072)
(0.810582; 0.004567; -0.647007)
(-0.1227; -0.1734; 0.1824)
(-93.894; 1.051; 69.905)
(2.245; 1.895; -9.176)
(0.253681; -0.009767; -0.602361)
(-0.1127; -0.1628; 0.2005)
(-94.234; 3.561; 75.321)
(2.321; 2.088; -9.565)
(0.568445; -0.155016; -0.45846)
(-0.1; -0.1648; 0.2102)
(-94.708; 6.584; 78.296)
(2.278; 1.757; -9.649)
(0.084901; -0.137611; 0.014201)
(-0.0925; -0.1568; 0.2128)
(-95.367; 7.119; 79.169)
(2.335; 1.293; -9.711)
(0.452094; -0.116654; -0.062337)
(-0.0932; -0.1568; 0.2144)
(-95.601; 7.772; 80.747)
(0.946; 1.326; -9.134)
(0.701268; 0.041965; 0.022943)
(-0.0879; -0.1515; 0.2205)
(-95.349; 8.706; 83.156)
(2.143; 1.48; -9.669)
(-0.016596; 0.180185; 0.038228)
(-0.0907; -0.1484; 0.2246)
(-94.439; 9.598; 84.252)
(2.368; 1.531; -10.007)
(-0.227066; 0.143393; 0.20954)
(-0.0914; -0.1412; 0.2119)
(-93.387; 9.05; 82.943)
(2.585; 1.058; -9.681)
(0.188197; 0.076149; 0.133842)
(-0.0988; -0.1434; 0.2194)
(-91.795; 8.522; 85.681)
(5.463; -0.375; -6.283)
(0.121648; 0.711765; 1.30185)
(-0.1175; -0.1226; 0.2147)
(-87.662; 4.912; 90.33)
(3.388; -0.571; -8.625)
(-0.237263; -0.139251; 0.73107)
(-0.1377; -0.1002; 0.2176)
(-85.529; -2.188; 91.513)
(3.622; 0.024; -9.672)
(-0.355515; -0.595744; -0.141383)
(-0.1303; -0.1012; 0.2186)
(-88.383; -4.456; 88.806)
(2.113; -0.322; -8.652)
(-0.667027; -0.482031; -0.906445)
(-0.1194; -0.1078; 0.2248)
(-92.046; -2.853; 87.809)
(2.456; -0.2; -8.809)
(-0.145803; 0.124537; 0.104242)
(-0.1157; -0.1095; 0.2232)
(-91.311; -0.865; 88.598)
(2.704; -0.037; -9.753)
(-0.278125; -0.224006; 0.854541)
(-0.1231; -0.1092; 0.2213)
(-91.453; -5.124; 86.422)
(2.843; -0.429; -9.126)
(0.382438; -0.590165; 1.2959)
(-0.1353; -0.0822; 0.2209)
(-91.013; -14.233; 87.051)
(2.282; -0.739; -9.635)
(0.297145; 0.089051; -0.040922)
(-0.1315; -0.0761; 0.2294)
(-92.124; -15.946; 89.574)
(2.608; -0.91; -9.649)
(-0.3749; 0.212743; 0.194054)
(-0.1313; -0.0676; 0.2278)
(-92.987; -16.332; 90.411)
(1.92; -0.251; -9.265)
(-0.509717; -0.254227; 0.215249)
(-0.126; -0.0647; 0.2312)
(-94.387; -17.371; 89.414)
(2.033; -0.554; -9.868)
(-0.075192; 0.436543; -0.162366)
(-0.1292; -0.0731; 0.2278)
(-94.438; -19.39; 86.869)
(2.68; 0.383; -9.075)
(-0.154116; 0.225363; 0.062869)
(-0.1454; -0.071; 0.2165)
(-90.207; -19.571; 84.883)
(3.617; 0.134; -8.212)
(-0.778413; 0.135264; 0.288694)
(-0.1474; -0.0903; 0.2021)
(-89.132; -22.322; 78.605)
(2.678; 0.692; -8.334)
(0.171493; 0.214857; -0.042543)
(-0.1556; -0.0947; 0.1927)
(-86.619; -22.173; 76.157)
(2.69; 0.148; -8.801)
(0.767982; -0.188924; 0.045958)
(-0.1559; -0.0768; 0.196)
(-85.877; -23.178; 79.346)
(3.176; -0.799; -8.977)
(0.829838; -0.47368; 0.501724)
(-0.1533; -0.0606; 0.2095)
(-87; -26.426; 83.679)
(2.408; -1.911; -9.587)
(0.591046; 0.257461; 0.102266)
(-0.149; -0.0367; 0.2189)
(-88.484; -27.646; 88.723)
(4.013; -0.534; -8.876)
(3.94757; -0.852215; 0.105847)
(-0.1568; -0.0233; 0.2212)
(-86.422; -27.269; 93.145)
(2.634; -4.261; -9.149)
(1.22992; -0.087128; -0.17578)
(-0.1555; 0.0067; 0.2254)
(-86.906; -26.387; 103.579)
(2.97; -4.594; -8.626)
(1.47892; 0.291818; 0.084938)
(-0.164; 0.0209; 0.2218)
(-85.746; -27.763; 107.024)
(3.461; -5.79; -7.138)
(1.49656; 0.135933; -0.016858)
(-0.1656; 0.0512; 0.2083)
(-84.681; -28.312; 115.411)
(2.435; -7.618; -4.745)
(2.33175; -0.653146; -0.032452)
(-0.1553; 0.1048; 0.204)
(-88.611; -26.315; 134.047)
(2.625; -7.827; -6.278)
(-0.823546; 0.193562; -0.200512)
(-0.1532; 0.0993; 0.2099)
(-88.959; -26.523; 131.675)
(2.685; -6.557; -6.833)
(-0.036774; 0.137211; 0.050933)
(-0.1603; 0.0755; 0.2173)
(-87.922; -27.687; 123.158)
(2.308; -5.742; -6.847)
(-2.48477; -1.20753; 0.462772)
(-0.1543; 0.0521; 0.2241)
(-90.368; -27.683; 117.28)
(1.703; -3.404; -8.759)
(-1.94008; -0.379678; -0.782591)
(-0.1406; 0.0052; 0.2454)
(-94.154; -24.174; 106.81)
(1.457; -1.468; -10.473)
(-1.77084; -0.354248; -0.525031)
(-0.121; -0.0548; 0.2454)
(-96.451; -18.816; 95.726)
(1.115; -0.815; -10.775)
(-0.296176; 0.421116; -0.103608)
(-0.1163; -0.0695; 0.2389)
(-96.909; -18.473; 91.594)
(1.902; 0.513; -9.207)
(-1.43376; -0.018758; -0.034381)
(-0.1181; -0.102; 0.2194)
(-95.598; -17.424; 83.547)
(2.01; 1.944; -10.314)
(-0.566205; -0.007999; -0.066631)
(-0.1203; -0.1286; 0.2011)
(-95.362; -17.132; 74.435)
(2.141; 0.989; -9.295)
(0.810931; 0.146289; -0.100374)
(-0.1299; -0.1062; 0.21)
(-91.713; -16.588; 80.861)
(2.719; 0.328; -9.655)
(-0.003233; 0.156368; 0.248572)
(-0.1341; -0.0992; 0.2099)
(-90.084; -16.599; 82.297)
(4.083; 2.921; -13.909)
(-3.12581; -0.281329; -0.624549)
(-0.1359; -0.1396; 0.1857)
(-90.248; -15.132; 71.657)
